statpos=[-1640953.7024   -5014816.0270    3575411.8814;
    -1995678.6197   -5037317.7141    3357328.1292;
    -1449752.3518   -4975298.5898    3709123.9266;
     2112064.9658   -3705356.5107    4726813.7927;
    -1324009.1199   -5332181.9707    3231962.4735;
     2607848.5238   -5488069.6769    1932739.5280;
     -130872.2450   -4762317.1209    4226851.0423;
    -2409150.1033   -4478573.2276    3838617.3945;
    -5464074.9586   -2495249.1181    2148296.8436;
    1446375.1262   -4447939.6527    4322306.1179;
    4033947.4796     486990.5252    4900430.8024;
    3822626.4970    -154105.5889    5086486.2618;
    4461369.9883     919596.8324    4449559.1894;
    4934563.1230    1321201.2698    3806484.4778;
    3370968.1810     711464.9170    5349664.1130]
